0.000894559594903531 0.000666165722201642 -0.0289236089869932
-0.000251130147165247 -0.00742931415823938 0.0649379320540815
-0.0168263227680931 0.0559603890679610 0.00653416366976264
-0.00391183274915643 -0.00216318925749017 0.0867652276639563
-0.00383443295390235 0.0194258133364607 -0.156508024892937
0.113025220430930 -0.159728101456968 -0.0155139538007400
-0.000657661977708937 -0.000899313950468983 -0.0297748384149926
-0.00506051550994650 -0.0121983147749186 0.0603197437939049
0.0630634935791882 0.138069308614019 0.0128560145379784
0.00205186675579646 0.00228669360772868 -0.0492972715848020
0.00281573539969019 -0.00407890093335909 0.0292426924520029
-0.0553791374758301 0.0372325856995082 0.00202696753908209
0.00170469624357580 0.000679638906643370 0.00712889199812503
0.00554469600942712 0.00281256477229431 0.0109885179202784
-0.0939645481498697 -0.0566361639061343 -0.00451705790556240
0.000954514204750823 0.000182235339078352 0.00723602268388294
0.00340889579616435 0.00190340957419534 0.000831104999737149
-0.0558651821085620 -0.0317279090057203 -0.00285761952675036
0.000353062940469421 -8.34561741058163e-05 0.00295828795366629
0.00120176678168435 4.85910355468764e-05 0.00419213805284170
-0.0209547538064087 -0.00495813598684459 -0.000401460448640177
-0.00138920501262722 -0.000668774193585684 0.00390728868714367
-0.00382501537595332 -0.000483848851983489 -0.0140041043799189
0.0669012302986549 0.0217880269741578 0.00187294593486965
